<?xml version="1.0"?>
<opencv_storage>
<intrinsic_matrix type_id="opencv-matrix">
  <rows>3</rows>
  <cols>3</cols>
  <dt>d</dt>
  <data>
    5.8354124640190832e+02 0. 5.5699217931757437e+02 0.
    5.8234770485201841e+02 3.6285458324704223e+02 0. 0. 1.</data></intrinsic_matrix>
<distortion_coefficients type_id="opencv-matrix">
  <rows>4</rows>
  <cols>1</cols>
  <dt>d</dt>
  <data>
    -2.3823219956523516e-02 1.7819329225449890e-02
    -4.4332435960993365e-02 2.5234328598003487e-02</data></distortion_coefficients>
</opencv_storage>
