<?xml version="1.0"?>
<opencv_storage>
<intrinsic_matrix type_id="opencv-matrix">
  <rows>3</rows>
  <cols>3</cols>
  <dt>d</dt>
  <data>
    5.9611389204810939e+02 0. 5.1253850648754997e+02 0.
    5.7471335291027879e+02 4.0471855688245915e+02 0. 0. 1.</data></intrinsic_matrix>
<distortion_coefficients type_id="opencv-matrix">
  <rows>4</rows>
  <cols>1</cols>
  <dt>d</dt>
  <data>
    -4.5430636470917961e-02 7.7254642192410530e-02
    -2.4811301636734204e-01 2.3840698853471495e-01</data></distortion_coefficients>
</opencv_storage>
