%YAML:1.0
---
R: !!opencv-matrix
   rows: 3
   cols: 3
   dt: d
   data: [ 9.9933153150180343e-01, -1.2199384750772456e-03,
       -3.6537677763878312e-02, 1.5615800576351108e-04,
       9.9957639618504368e-01, -2.9103329781963446e-02,
       3.6557704535941773e-02, 2.9078169471916739e-02,
       9.9890840135581260e-01 ]
T: !!opencv-matrix
   rows: 3
   cols: 1
   dt: d
   data: [ -9.8414234335479009e+01, -1.4104317078264748e+00,
       6.1580141006672537e+00 ]
R1: !!opencv-matrix
   rows: 3
   cols: 3
   dt: d
   data: [ 9.9499832992593418e-01, 1.1262900716130489e-02,
       -9.9254574262652828e-02, -1.2693347835418978e-02,
       9.9982431177556452e-01, -1.3792189936623307e-02,
       9.9081796336819322e-02, 1.4983078788333746e-02,
       9.9496648435245882e-01 ]
R2: !!opencv-matrix
   rows: 3
   cols: 3
   dt: d
   data: [ 9.9794599649169557e-01, 1.4302145270493179e-02,
       -6.2443868609003181e-02, -1.3400652286944379e-02,
       9.9980019886706695e-01, 1.4831886719423778e-02,
       6.2643520051807094e-02, -1.3964633401386411e-02,
       9.9793826382671769e-01 ]
P1: !!opencv-matrix
   rows: 3
   cols: 4
   dt: d
   data: [ 8.1349371133060811e+02, 0., 7.7017208862304688e+02, 0., 0.,
       8.1349371133060811e+02, 3.9715733337402344e+02, 0., 0., 0., 1.,
       0. ]
P2: !!opencv-matrix
   rows: 3
   cols: 4
   dt: d
   data: [ 8.1349371133060811e+02, 0., 7.7017208862304688e+02,
       -8.0224141405226008e+04, 0., 8.1349371133060811e+02,
       3.9715733337402344e+02, 0., 0., 0., 1., 0. ]
Q: !!opencv-matrix
   rows: 4
   cols: 4
   dt: d
   data: [ 1., 0., 0., -7.7017208862304688e+02, 0., 1., 0.,
       -3.9715733337402344e+02, 0., 0., 0., 8.1349371133060811e+02, 0.,
       0., 1.0140260737992951e-02, 0. ]
