%YAML:1.0
---
M1: !!opencv-matrix
   rows: 3
   cols: 3
   dt: d
   data: [ 8.8959487598174223e+02, 0., 6.4263488774217149e+02, 0.,
       8.9235634290490202e+02, 3.9446377825758873e+02, 0., 0., 1. ]
D1: !!opencv-matrix
   rows: 1
   cols: 5
   dt: d
   data: [ 6.0933338172460140e-02, -2.7528122792939175e-01,
       -3.8459024799580751e-04, -2.0710182220578955e-06,
       3.3040265576186567e-01 ]
M2: !!opencv-matrix
   rows: 3
   cols: 3
   dt: d
   data: [ 8.9734398265792561e+02, 0., 6.7610768373846986e+02, 0.,
       9.0022354795316960e+02, 4.0325739756841699e+02, 0., 0., 1. ]
D2: !!opencv-matrix
   rows: 1
   cols: 5
   dt: d
   data: [ 3.4133730446870021e-02, -1.4231289703800190e-01,
       8.0989844347621439e-04, 1.2583106852190587e-03,
       1.3594693837434438e-01 ]
