<?xml version="1.0"?>
<opencv_storage>
<f_intrinsic type_id="opencv-matrix">
  <rows>3</rows>
  <cols>3</cols>
  <dt>d</dt>
  <data>
    4.2254733249957701e+02 0. 6.2411613466011192e+02 0.
    4.2130848186628549e+02 5.3764552798679233e+02 0. 0. 1.</data></f_intrinsic>
<f_distortion type_id="opencv-matrix">
  <rows>4</rows>
  <cols>1</cols>
  <dt>d</dt>
  <data>
    -6.8892222773595149e-02 6.7469688985097044e-05
    -8.6085058046905577e-04 2.8704800194953320e-05</data></f_distortion>
<f_P type_id="opencv-matrix">
  <rows>3</rows>
  <cols>3</cols>
  <dt>d</dt>
  <data>
    4.2254733249957701e+02 0. 6.2411613466011192e+02 0.
    4.2130848186628549e+02 5.3764552798679233e+02 0. 0. 1.</data></f_P>
<l_intrinsic type_id="opencv-matrix">
  <rows>3</rows>
  <cols>3</cols>
  <dt>d</dt>
  <data>
    4.2078868872492700e+02 0. 6.3862240781414891e+02 0.
    4.1915980509115388e+02 5.3385547321993749e+02 0. 0. 1.</data></l_intrinsic>
<l_distortion type_id="opencv-matrix">
  <rows>4</rows>
  <cols>1</cols>
  <dt>d</dt>
  <data>
    -6.5960512366251875e-02 -6.2432198100126910e-04
    -2.1261730217713982e-04 -3.8531923399322526e-04</data></l_distortion>
<l_P type_id="opencv-matrix">
  <rows>3</rows>
  <cols>3</cols>
  <dt>d</dt>
  <data>
    4.2078868872492700e+02 0. 6.3862240781414891e+02 0.
    4.1915980509115388e+02 5.3385547321993749e+02 0. 0. 1.</data></l_P>
<b_intrinsic type_id="opencv-matrix">
  <rows>3</rows>
  <cols>3</cols>
  <dt>d</dt>
  <data>
    4.2219402388985748e+02 0. 6.4257751382107733e+02 0.
    4.2100288578134007e+02 5.5540030832244156e+02 0. 0. 1.</data></b_intrinsic>
<b_distortion type_id="opencv-matrix">
  <rows>4</rows>
  <cols>1</cols>
  <dt>d</dt>
  <data>
    -6.3567939813148830e-02 -5.0873199438801918e-03
    1.4025520969341519e-03 -4.5284863679542899e-04</data></b_distortion>
<b_P type_id="opencv-matrix">
  <rows>3</rows>
  <cols>3</cols>
  <dt>d</dt>
  <data>
    4.2219402388985748e+02 0. 6.4257751382107733e+02 0.
    4.2100288578134007e+02 5.5540030832244156e+02 0. 0. 1.</data></b_P>
<r_intrinsic type_id="opencv-matrix">
  <rows>3</rows>
  <cols>3</cols>
  <dt>d</dt>
  <data>
    4.2241014575517545e+02 0. 6.4413753372029601e+02 0.
    4.2218724773493233e+02 5.3185477435030168e+02 0. 0. 1.</data></r_intrinsic>
<r_distortion type_id="opencv-matrix">
  <rows>4</rows>
  <cols>1</cols>
  <dt>d</dt>
  <data>
    -6.6526813413853012e-02 -3.5921873285277230e-03
    2.5956796223412957e-03 -1.1977932671451929e-03</data></r_distortion>
<r_P type_id="opencv-matrix">
  <rows>3</rows>
  <cols>3</cols>
  <dt>d</dt>
  <data>
    4.2241014575517545e+02 0. 6.4413753372029601e+02 0.
    4.2218724773493233e+02 5.3185477435030168e+02 0. 0. 1.</data></r_P>
</opencv_storage>
